11.18
-3.99
-16.83
10.44
-0.86
-4.13
7.71
-10.08
2.7
-24.76
5.55
-13.49
17.48
-19.37
1.07
8.71
22.16
21.97
21.68
9.59
5.35
-0.44
24.05
-21.05
-10.51
-22.93
18.91
13.63
6.3
-15.65
-0.34
4.14
1.7
12.49
-1.27
-21.81
21.92
-14.04
-19.93
-11.97
-14.31
18.96
-8.58
7.51
-6.41
22.44
-3.46
-5.77
-19.96
-22.68
-23.08
18.74
12.96
12.51
-18.07
2.69
20.27
-23.78
-6.39
-2.56
-7.75
2.0
-6.15
-13.28
1.75
12.54
19.82
-23.73
-20.37
-21.67
-15.19
-20.58
-9.59
-24.29
-12.68
-15.34
-3.54
19.65
-24.16
-17.5
5.84
-11.07
-4.59
12.81
-12.39
4.72
-12.83
-9.01
9.96
-13.27
11.95
2.1
16.95
1.55
18.84
-5.86
-15.98
-13.59
15.5
22.61
23.08
5.58
-22.6
2.17
19.1
-12.13
-10.59
21.14
-1.61
-9.19
-7.04
-20.58
20.26
-10.43
-19.82
-18.77
-1.55
7.7
0.72
-14.16
23.18
11.41
-22.34
-12.25
24.65
4.59
-24.6
1.58
-13.76
3.67
-3.63
-11.67
-23.6
1.91
15.29
24.99
7.45
10.68
11.31
4.99
15.56
1.32
-12.68
-20.25
-14.56
17.11
-7.48
-15.01
-4.75
6.73
10.16
-4.59
-0.19
-13.39
2.02
14.29
15.86
-1.97
4.08
-10.1
8.0
-24.4
7.17
-20.1
-24.19
9.0
-10.98
8.05
-19.98
1.43
22.43
-16.78
-6.04
-0.55
-18.51
6.85
5.82
-2.27
-15.4
-14.59
-12.95
3.89
-12.83
24.96
-21.61
16.54
-4.98
-17.25
7.07
2.59
-8.31
2.44
6.19
-20.97
3.74
-7.51
-13.97
-13.42
-9.79
8.4
